TIME_DELTA
0
0
11
15
15
-15
45
75
0
1
29
-29
119
15
15
15
45
-45
150
1
89
30
15
45
1
-1
1
29
15
-15
30
30
45
15
1
0
14
-14
29
-29
44
-44
104
90
15
-15
16
0
14
-14
29
-29
59
31
14
75
15
-15
15
-15
30
0
15
-15
60
2
43
60
1
-1
15
-15
46
-46
46
0
29
60
15
1
29
0
15
45
15
-15
16
-16
16
29
60
30
15
-15
16
44
15
-15
16
14
15
0
60
15
1
0
14
75
15
-15
16
0
89
1
14
0
15
-15
75
16
29
-29
30
-30
89
15
1
-1
1
74
1
14
15
-15
30
-30
90
-90
90
0
15
16
44
30
30
-30
45
-45
75
-75
90
0
75
1
14
16
74
-74
74
0
15
0
0
0
60
32
13
15
60
-60
61
29
15
-15
30
-30
60
16
29
15
30
-30
30
45
30
-30
31
44
45
15
15
-15
15
-15
105
0
1
15
74
-74
75
0
14
15
60
16
14
0
15
-15
60
-60
60
15
30
1
44
60
15
-15
15
-15
30
-30
31
0
74
-74
89
16
74
-74
75
14
15
-15
30
15
30
61
29
-29
30
14
60
-60
61
0
29
1
89
-89
90
-90
90
1
88
-88
89
0
0
14
75
15
1
-1
1
1
73
15
30
-30
45
45
15
-15
15
30
60
1
59
-59
74
-74
89
-89
89
1
74
15
15
15
60
-60
60
0
15
15
15
-15
60
15
30
1
59
-59
60
44
1
-1
30
-30
45
15
45
45
15
-15
15
45
30
-30
30
-30
31
14
90
1
0
0
14
75
1
-1
1
-1
15
16
74
0
1
-1
1
14
75
16
14
-14
29
-29
74
-74
89
30
15
0
30
75
1
-1
15
-15
15
-15
30
0
75
1
14
90
1
-1
15
-15
15
0
15
-15
90
-90
90
16
89
-89
90
0
14
-14
29
-29
74
30
15
15
45
-45
60
0
45
-45
45
0
45
45
15
-15
45
-45
60
45
15
-15
30
-30
45
16
44
30
1
-1
15
60
15
-15
30
-30
30
15
75
-75
76
0
14
0
90
-90
91
-91
91
15
89
-89
104
-104
105
0
89
16
14
-14
14
-14
76
-76
90
0
14
1
74
15
15
0
60
-60
60
-60
75
0
60
15
15
15
90
-90
90
-90
105
-105
105
1
74
15
15
60
15
-15
30
30
30
-30
31
-31
60
15
46
14
45
-45
45
45
15
-15
47
-47
47
14
59
-59
89
-89
104
1
89
16
29
-29
29
1
59
-59
74
0
45
-45
75
60
76
-76
76
29
1
-1
1
-1
75
16
14
61
14
-14
29
60
15
-15
30
-30
31
30
59
1
15
-15
15
59
45
16
14
15
0
0
60
-60
60
30
30
0
15
75
15
-15
31
-31
31
-31
45
0
90
-90
91
29
60
-60
60
16
14
-14
44
-44
89
15
15
30
45
-45
45
15
45
-45
45